0 1
0 15
0 16
0 23
0 24
0 36
0 42
0 51
0 60
0 62
0 63
0 72
0 74
0 75
0 81
0 85
0 89
0 99
0 110
0 135
0 144
0 161
0 166
0 170
0 178
0 179
0 183
0 187
1 7
1 12
1 16
1 35
1 43
1 45
1 51
1 56
1 57
1 69
1 73
1 75
1 80
1 86
1 95
1 96
1 105
1 120
1 121
1 127
1 137
1 140
1 147
1 158
1 181
1 183
1 191
1 195
1 199
2 11
2 12
2 14
2 30
2 35
2 59
2 60
2 64
2 67
2 83
2 87
2 92
2 106
2 112
2 122
2 127
2 128
2 136
2 141
2 145
2 152
2 174
2 178
2 189
3 14
3 25
3 27
3 28
3 31
3 43
3 50
3 51
3 60
3 65
3 71
3 72
3 78
3 80
3 90
3 94
3 96
3 114
3 131
3 138
3 143
3 145
3 168
3 169
3 175
3 188
3 189
3 191
3 196
4 6
4 19
4 29
4 30
4 35
4 37
4 58
4 64
4 73
4 74
4 76
4 84
4 85
4 90
4 94
4 96
4 99
4 101
4 114
4 119
4 130
4 135
4 136
4 138
4 141
4 145
4 147
4 148
4 162
4 169
4 173
4 176
4 179
4 182
4 185
4 190
4 192
5 31
5 37
5 60
5 63
5 67
5 79
5 104
5 111
5 118
5 126
5 133
5 137
5 144
5 146
5 149
5 153
5 163
5 165
5 166
5 172
5 175
5 195
5 196
5 197
6 12
6 13
6 25
6 31
6 32
6 37
6 52
6 61
6 62
6 66
6 69
6 70
6 72
6 74
6 76
6 80
6 87
6 92
6 96
6 97
6 118
6 124
6 137
6 146
6 150
6 155
6 171
6 181
6 183
6 187
6 191
6 192
6 194
6 196
6 198
7 9
7 13
7 15
7 16
7 18
7 23
7 25
7 30
7 36
7 41
7 45
7 52
7 55
7 57
7 64
7 65
7 68
7 83
7 92
7 106
7 110
7 113
7 120
7 126
7 127
7 129
7 132
7 146
7 149
7 152
7 159
7 164
7 166
7 169
8 10
8 17
8 36
8 37
8 39
8 41
8 48
8 49
8 62
8 64
8 67
8 68
8 72
8 80
8 81
8 90
8 91
8 94
8 107
8 110
8 126
8 138
8 146
8 149
8 151
8 154
8 156
8 165
8 170
8 177
8 182
8 187
8 191
8 196
8 197
9 29
9 33
9 51
9 53
9 63
9 69
9 70
9 88
9 89
9 101
9 102
9 111
9 119
9 152
9 163
9 177
10 16
10 22
10 32
10 44
10 53
10 54
10 56
10 73
10 76
10 78
10 89
10 90
10 94
10 95
10 97
10 99
10 107
10 122
10 127
10 130
10 132
10 137
10 140
10 143
10 148
10 158
10 159
10 164
10 173
10 176
10 178
10 180
10 183
10 190
11 13
11 35
11 43
11 46
11 50
11 53
11 63
11 70
11 74
11 98
11 103
11 104
11 108
11 112
11 123
11 128
11 150
11 151
11 156
11 158
11 167
11 169
11 178
11 182
11 185
11 195
11 197
12 13
12 36
12 38
12 41
12 47
12 57
12 71
12 72
12 74
12 81
12 82
12 87
12 94
12 96
12 106
12 112
12 118
12 123
12 131
12 133
12 140
12 149
12 151
12 152
12 156
12 168
12 169
12 171
12 175
12 176
12 177
12 180
12 181
12 183
12 185
13 21
13 23
13 33
13 35
13 40
13 50
13 55
13 60
13 63
13 79
13 80
13 88
13 94
13 98
13 110
13 118
13 121
13 130
13 137
13 138
13 141
13 142
13 148
13 152
13 153
13 154
13 155
13 163
13 167
13 170
13 173
13 185
13 195
13 199
14 19
14 21
14 23
14 28
14 40
14 43
14 46
14 51
14 59
14 64
14 75
14 76
14 89
14 90
14 92
14 94
14 95
14 98
14 104
14 107
14 120
14 121
14 127
14 128
14 135
14 139
14 143
14 144
14 150
14 153
14 167
14 168
14 174
14 175
14 197
15 22
15 39
15 42
15 56
15 68
15 71
15 74
15 82
15 89
15 92
15 102
15 103
15 107
15 112
15 114
15 116
15 129
15 133
15 142
15 154
15 157
15 159
15 165
15 169
15 183
15 187
15 188
15 189
15 197
16 18
16 26
16 27
16 32
16 41
16 46
16 51
16 63
16 64
16 73
16 85
16 87
16 88
16 94
16 97
16 119
16 123
16 126
16 127
16 135
16 137
16 138
16 146
16 149
16 160
16 170
16 182
16 183
16 187
16 188
16 191
16 193
17 19
17 25
17 30
17 34
17 72
17 78
17 79
17 94
17 96
17 98
17 133
17 136
17 146
17 147
17 164
17 174
17 178
17 181
17 184
17 186
17 195
18 36
18 41
18 50
18 73
18 77
18 88
18 92
18 100
18 102
18 109
18 111
18 114
18 146
18 172
18 174
18 184
19 22
19 27
19 28
19 35
19 42
19 46
19 55
19 60
19 85
19 91
19 99
19 103
19 104
19 107
19 114
19 119
19 129
19 130
19 131
19 144
19 146
19 148
19 155
19 159
19 164
19 166
19 171
19 180
19 188
19 193
19 196
19 197
20 27
20 36
20 39
20 45
20 47
20 53
20 56
20 60
20 63
20 74
20 89
20 97
20 99
20 105
20 114
20 120
20 121
20 134
20 147
20 149
20 151
20 155
20 159
20 176
20 181
20 185
20 196
21 29
21 43
21 51
21 60
21 66
21 72
21 74
21 80
21 82
21 86
21 87
21 101
21 109
21 110
21 115
21 122
21 129
21 142
21 150
21 154
21 156
21 158
21 167
21 169
21 171
21 179
21 186
21 191
21 194
22 33
22 35
22 37
22 39
22 40
22 50
22 67
22 79
22 83
22 93
22 94
22 98
22 116
22 128
22 129
22 134
22 143
22 146
22 152
22 157
22 159
22 168
22 178
22 179
23 39
23 58
23 63
23 67
23 72
23 80
23 82
23 86
23 87
23 90
23 93
23 110
23 114
23 115
23 121
23 136
23 137
23 141
23 142
23 145
23 147
23 159
23 171
23 175
23 176
23 180
23 182
23 190
23 193
23 194
23 195
24 28
24 32
24 33
24 35
24 40
24 46
24 70
24 74
24 77
24 78
24 89
24 93
24 96
24 97
24 99
24 103
24 108
24 109
24 116
24 120
24 121
24 133
24 146
24 147
24 159
24 175
24 186
25 27
25 49
25 52
25 53
25 56
25 57
25 60
25 67
25 92
25 93
25 97
25 98
25 100
25 104
25 106
25 115
25 117
25 121
25 127
25 129
25 134
25 136
25 143
25 149
25 154
25 157
25 158
25 178
26 40
26 42
26 45
26 50
26 56
26 57
26 60
26 61
26 73
26 78
26 84
26 101
26 105
26 107
26 115
26 116
26 119
26 126
26 141
26 147
26 159
26 164
26 176
26 177
26 180
26 188
26 195
26 196
27 31
27 33
27 34
27 35
27 38
27 39
27 44
27 48
27 51
27 53
27 54
27 61
27 62
27 65
27 66
27 75
27 96
27 99
27 107
27 108
27 109
27 112
27 117
27 122
27 128
27 131
27 147
27 151
27 152
27 159
27 161
27 165
27 166
27 170
27 179
27 191
28 40
28 48
28 52
28 54
28 60
28 64
28 66
28 75
28 76
28 81
28 90
28 101
28 104
28 121
28 149
28 152
28 157
28 160
28 164
28 165
28 167
28 172
28 179
28 187
28 188
29 51
29 54
29 63
29 76
29 78
29 85
29 90
29 92
29 96
29 97
29 105
29 117
29 120
29 133
29 137
29 143
29 164
29 166
29 168
29 172
29 182
29 194
29 195
30 31
30 34
30 35
30 40
30 53
30 54
30 63
30 65
30 67
30 76
30 82
30 97
30 101
30 106
30 108
30 114
30 117
30 118
30 126
30 139
30 140
30 144
30 150
30 165
30 167
30 179
30 197
31 39
31 43
31 58
31 60
31 81
31 86
31 102
31 109
31 111
31 114
31 118
31 120
31 123
31 133
31 134
31 135
31 156
31 170
31 174
31 185
31 194
31 199
32 53
32 84
32 89
32 90
32 97
32 103
32 104
32 105
32 107
32 109
32 110
32 114
32 119
32 135
32 140
32 141
32 145
32 151
32 154
32 155
32 162
32 168
32 173
32 189
32 191
32 193
33 39
33 40
33 43
33 51
33 61
33 65
33 78
33 79
33 80
33 83
33 85
33 87
33 89
33 91
33 96
33 100
33 115
33 116
33 117
33 128
33 129
33 131
33 138
33 139
33 144
33 149
33 153
33 161
33 166
33 167
33 175
33 181
33 187
33 191
33 192
34 39
34 43
34 54
34 68
34 88
34 95
34 106
34 108
34 109
34 112
34 114
34 156
34 167
34 169
35 36
35 38
35 42
35 68
35 69
35 78
35 81
35 83
35 94
35 111
35 113
35 118
35 131
35 136
35 140
35 146
35 151
35 167
35 173
35 185
35 189
35 193
35 194
35 195
35 199
36 38
36 40
36 48
36 50
36 64
36 71
36 74
36 85
36 93
36 102
36 109
36 111
36 118
36 119
36 120
36 122
36 123
36 129
36 132
36 136
36 151
36 157
36 166
36 168
36 170
36 183
36 188
37 42
37 45
37 48
37 54
37 55
37 57
37 62
37 64
37 72
37 79
37 82
37 86
37 87
37 91
37 93
37 101
37 105
37 122
37 131
37 132
37 147
37 165
37 166
37 171
37 181
37 199
38 39
38 42
38 45
38 52
38 59
38 64
38 86
38 90
38 98
38 100
38 103
38 115
38 117
38 120
38 129
38 135
38 138
38 161
38 173
38 182
38 189
38 192
38 193
39 50
39 57
39 60
39 69
39 76
39 80
39 84
39 87
39 89
39 104
39 117
39 126
39 138
39 140
39 143
39 148
39 150
39 162
39 193
39 195
40 41
40 42
40 44
40 50
40 53
40 95
40 97
40 99
40 100
40 110
40 114
40 120
40 128
40 136
40 142
40 151
40 156
40 163
40 168
40 186
40 191
40 194
40 197
41 69
41 75
41 82
41 85
41 88
41 95
41 100
41 104
41 114
41 115
41 139
41 140
41 145
41 148
41 152
41 158
41 163
41 170
41 186
41 187
41 190
41 195
42 52
42 59
42 70
42 72
42 73
42 76
42 78
42 90
42 91
42 98
42 103
42 107
42 111
42 123
42 141
42 151
42 170
42 190
42 197
43 44
43 54
43 59
43 80
43 100
43 110
43 112
43 135
43 142
43 148
43 151
43 154
43 169
43 175
43 179
43 188
43 190
44 50
44 55
44 65
44 72
44 80
44 87
44 98
44 99
44 136
44 137
44 142
44 161
44 170
44 172
44 183
44 185
44 188
44 193
45 49
45 81
45 82
45 88
45 94
45 97
45 98
45 104
45 105
45 109
45 110
45 122
45 124
45 139
45 151
45 153
45 157
45 162
45 176
45 186
45 192
46 49
46 51
46 56
46 70
46 71
46 86
46 88
46 109
46 126
46 137
46 144
46 148
46 153
46 158
46 161
46 163
46 164
46 166
46 169
46 176
46 180
46 189
46 192
47 50
47 61
47 65
47 92
47 107
47 121
47 128
47 133
47 137
47 139
47 140
47 143
47 155
47 171
47 182
47 194
48 74
48 77
48 79
48 82
48 85
48 87
48 88
48 99
48 103
48 105
48 118
48 120
48 121
48 131
48 137
48 140
48 162
48 168
48 170
48 175
48 179
48 184
48 198
49 52
49 55
49 62
49 78
49 80
49 82
49 96
49 105
49 106
49 110
49 115
49 119
49 121
49 130
49 131
49 135
49 141
49 145
49 151
49 163
49 172
49 183
49 189
49 198
50 53
50 73
50 94
50 108
50 110
50 112
50 114
50 125
50 143
50 145
50 154
50 157
50 164
50 176
50 181
50 183
50 185
50 190
50 191
51 55
51 59
51 62
51 71
51 74
51 83
51 87
51 88
51 90
51 94
51 95
51 101
51 105
51 111
51 116
51 125
51 130
51 142
51 146
51 149
51 155
51 156
51 169
51 174
51 179
51 180
51 182
51 184
52 58
52 59
52 65
52 68
52 71
52 75
52 79
52 84
52 94
52 98
52 103
52 105
52 109
52 115
52 120
52 130
52 131
52 147
52 151
52 162
52 171
52 172
52 186
53 58
53 62
53 70
53 76
53 79
53 87
53 91
53 93
53 94
53 96
53 105
53 106
53 110
53 132
53 133
53 136
53 141
53 146
53 150
53 160
53 162
53 163
53 167
53 177
53 193
53 196
54 70
54 71
54 78
54 81
54 82
54 83
54 85
54 87
54 95
54 99
54 104
54 106
54 116
54 118
54 123
54 133
54 143
54 147
54 150
54 153
54 161
54 162
54 169
54 183
54 185
55 56
55 63
55 70
55 76
55 82
55 94
55 99
55 100
55 101
55 104
55 105
55 107
55 112
55 132
55 140
55 157
55 165
55 167
55 170
55 194
56 66
56 82
56 94
56 98
56 101
56 107
56 111
56 112
56 114
56 118
56 126
56 129
56 135
56 137
56 148
56 151
56 174
56 178
56 180
56 182
56 195
57 59
57 75
57 76
57 86
57 98
57 123
57 129
57 133
57 136
57 153
57 158
57 160
57 162
57 171
57 179
57 182
57 186
57 198
58 63
58 66
58 80
58 81
58 87
58 91
58 101
58 106
58 113
58 117
58 126
58 135
58 173
58 179
58 188
58 189
58 197
59 71
59 76
59 77
59 79
59 84
59 85
59 95
59 115
59 125
59 134
59 135
59 136
59 137
59 152
59 155
59 164
59 174
59 183
59 191
59 198
60 64
60 66
60 68
60 72
60 76
60 77
60 78
60 91
60 93
60 99
60 103
60 111
60 129
60 149
60 152
60 154
60 156
60 157
60 169
60 171
60 194
60 195
61 62
61 73
61 82
61 84
61 96
61 111
61 112
61 115
61 136
61 139
61 145
61 152
61 154
61 162
61 164
61 167
61 173
61 175
61 189
61 195
62 87
62 94
62 95
62 99
62 104
62 112
62 114
62 121
62 136
62 145
62 157
62 158
62 161
62 174
62 179
62 180
62 189
62 197
63 75
63 78
63 80
63 101
63 103
63 106
63 112
63 115
63 124
63 133
63 144
63 157
63 168
63 173
63 176
63 188
63 193
64 65
64 71
64 72
64 73
64 107
64 122
64 129
64 136
64 147
64 151
64 152
64 158
64 159
64 175
64 179
64 180
64 183
64 187
64 188
65 72
65 74
65 76
65 80
65 93
65 97
65 101
65 104
65 113
65 131
65 132
65 133
65 153
65 156
65 162
65 171
65 180
65 193
66 85
66 110
66 119
66 123
66 133
66 134
66 144
66 154
66 155
66 165
66 168
66 176
66 177
66 182
66 185
66 191
66 197
66 198
67 68
67 77
67 78
67 79
67 80
67 86
67 93
67 106
67 108
67 140
67 141
67 143
67 156
67 157
67 181
67 187
67 194
67 196
68 75
68 76
68 78
68 80
68 83
68 84
68 89
68 93
68 98
68 107
68 110
68 111
68 125
68 136
68 172
68 174
68 178
68 181
68 191
68 198
69 73
69 78
69 79
69 86
69 88
69 104
69 105
69 112
69 113
69 116
69 128
69 135
69 136
69 149
69 177
69 181
69 185
69 193
69 194
69 197
70 71
70 72
70 74
70 78
70 82
70 115
70 119
70 136
70 137
70 139
70 154
70 157
70 158
70 160
70 162
70 163
70 165
70 167
70 178
70 181
70 190
70 193
71 78
71 81
71 98
71 105
71 115
71 121
71 128
71 134
71 141
71 153
71 173
71 175
71 181
71 191
71 196
72 75
72 76
72 77
72 78
72 84
72 86
72 92
72 101
72 107
72 116
72 117
72 121
72 134
72 145
72 146
72 147
72 150
72 151
72 163
72 166
72 170
72 183
72 198
73 84
73 90
73 113
73 120
73 122
73 124
73 144
73 150
73 156
73 178
73 183
73 198
74 84
74 93
74 99
74 100
74 103
74 113
74 114
74 128
74 160
74 186
74 189
74 192
74 195
75 82
75 93
75 105
75 106
75 107
75 112
75 116
75 122
75 124
75 132
75 139
75 146
75 148
75 165
75 170
75 186
75 196
76 80
76 101
76 105
76 109
76 111
76 121
76 122
76 127
76 128
76 129
76 131
76 132
76 133
76 137
76 142
76 153
76 174
76 179
76 181
76 192
77 78
77 80
77 89
77 103
77 107
77 117
77 121
77 122
77 124
77 142
77 147
77 151
77 157
77 165
77 166
77 176
77 188
77 192
78 89
78 90
78 114
78 123
78 126
78 127
78 132
78 137
78 144
78 145
78 154
78 159
78 163
78 167
78 170
78 172
78 174
78 184
78 191
79 84
79 90
79 95
79 98
79 101
79 107
79 111
79 144
79 145
79 146
79 152
79 158
79 173
79 177
79 179
79 180
79 190
79 195
79 198
80 87
80 105
80 114
80 120
80 123
80 134
80 135
80 137
80 146
80 153
80 157
80 159
80 160
80 162
80 168
80 175
80 181
80 188
80 193
80 196
81 85
81 87
81 103
81 104
81 127
81 129
81 150
81 162
81 164
81 166
81 181
81 183
81 190
82 83
82 84
82 87
82 89
82 98
82 99
82 117
82 119
82 126
82 129
82 131
82 135
82 137
82 138
82 140
82 149
82 152
82 156
82 171
82 176
82 177
82 189
82 194
83 95
83 102
83 105
83 109
83 115
83 121
83 131
83 133
83 153
83 154
83 157
83 163
83 170
83 176
83 178
83 186
83 189
84 86
84 90
84 98
84 106
84 107
84 108
84 111
84 113
84 124
84 126
84 129
84 132
84 134
84 161
84 166
84 175
84 190
85 116
85 119
85 123
85 137
85 146
85 147
85 153
85 157
85 158
85 169
85 186
85 187
85 188
85 190
85 193
86 101
86 107
86 113
86 119
86 120
86 122
86 128
86 133
86 146
86 165
86 171
86 172
86 183
86 185
86 189
87 92
87 105
87 113
87 116
87 117
87 118
87 127
87 131
87 157
87 164
87 173
87 176
87 195
88 97
88 101
88 106
88 117
88 121
88 126
88 136
88 142
88 147
88 159
88 163
88 173
88 178
88 179
88 184
88 193
89 111
89 130
89 134
89 135
89 136
89 137
89 143
89 147
89 153
89 163
89 169
89 170
89 187
89 195
89 197
90 117
90 122
90 131
90 138
90 141
90 156
90 157
90 170
90 172
90 177
90 178
90 184
90 195
90 196
90 198
90 199
91 94
91 95
91 100
91 101
91 104
91 106
91 107
91 108
91 121
91 122
91 127
91 133
91 135
91 137
91 141
91 142
91 149
91 153
91 155
91 161
91 162
91 163
91 171
91 173
91 182
91 189
91 190
91 196
91 199
92 93
92 96
92 104
92 109
92 110
92 130
92 131
92 134
92 169
92 179
92 184
93 97
93 101
93 113
93 116
93 118
93 130
93 132
93 140
93 143
93 154
93 158
93 171
93 179
93 187
93 188
93 190
93 194
93 196
94 95
94 105
94 108
94 117
94 122
94 125
94 127
94 131
94 133
94 144
94 148
94 149
94 151
94 172
94 179
94 188
94 189
94 194
94 196
95 97
95 99
95 104
95 106
95 110
95 112
95 119
95 129
95 135
95 140
95 144
95 146
95 152
95 159
95 162
95 166
95 178
95 184
95 198
96 97
96 107
96 121
96 122
96 129
96 132
96 141
96 143
96 152
96 158
96 163
96 164
96 165
96 176
96 186
97 108
97 116
97 123
97 131
97 139
97 150
97 152
97 162
97 173
97 179
97 196
97 197
98 101
98 102
98 104
98 106
98 144
98 145
98 147
98 154
98 174
98 179
98 192
99 107
99 111
99 125
99 127
99 130
99 134
99 144
99 156
99 165
99 168
99 172
100 123
100 141
100 142
100 162
100 182
100 184
100 185
100 191
100 192
101 103
101 106
101 108
101 127
101 131
101 143
101 149
101 154
101 156
101 161
101 165
101 168
101 176
101 186
101 187
101 192
102 106
102 119
102 122
102 124
102 131
102 134
102 137
102 140
102 154
102 160
102 163
102 165
102 168
102 173
102 174
102 177
102 180
102 186
102 193
102 196
103 107
103 116
103 150
103 153
103 159
103 160
103 165
103 181
103 184
103 191
103 194
104 108
104 113
104 117
104 124
104 129
104 133
104 135
104 137
104 140
104 142
104 150
104 180
104 184
104 199
105 108
105 111
105 135
105 141
105 147
105 159
105 165
105 170
105 181
105 182
105 184
105 198
106 117
106 123
106 129
106 130
106 134
106 142
106 146
106 148
106 154
106 162
106 163
106 164
106 165
106 166
106 175
106 182
106 194
106 198
106 199
107 118
107 123
107 130
107 133
107 139
107 151
107 153
107 156
107 158
107 167
107 170
107 171
107 176
107 180
107 182
107 190
107 191
107 196
107 197
108 111
108 122
108 125
108 131
108 153
108 155
108 162
108 179
108 181
108 186
108 194
109 110
109 113
109 118
109 129
109 131
109 142
109 145
109 149
109 175
109 177
109 181
109 183
109 184
109 193
109 194
110 113
110 122
110 125
110 142
110 143
110 163
110 173
110 174
110 179
110 182
110 192
110 194
110 197
110 199
111 133
111 141
111 142
111 144
111 145
111 147
111 166
111 171
111 177
111 196
111 199
112 114
112 116
112 129
112 132
112 142
112 145
112 148
112 151
112 152
112 160
112 163
112 169
112 186
112 189
112 192
113 114
113 117
113 131
113 133
113 147
113 154
113 155
113 159
113 166
113 169
113 174
113 180
113 183
113 184
113 185
113 190
114 126
114 132
114 142
114 146
114 148
114 149
114 168
114 169
114 177
114 197
115 116
115 123
115 124
115 125
115 126
115 137
115 139
115 150
115 153
115 155
115 159
115 160
115 166
115 178
115 180
115 181
115 186
115 189
115 195
115 198
116 120
116 131
116 140
116 157
116 161
116 167
116 169
116 170
116 177
116 182
116 186
116 190
116 191
117 141
117 144
117 145
117 153
117 154
117 167
117 172
117 192
118 119
118 126
118 165
118 174
118 179
118 180
118 184
118 186
118 189
118 197
118 198
119 120
119 128
119 141
119 161
119 167
119 168
119 174
119 176
119 183
119 184
119 185
119 194
119 197
120 123
120 128
120 133
120 134
120 137
120 145
120 146
120 148
120 149
120 153
120 157
120 160
120 162
120 165
120 169
120 181
120 183
120 194
120 195
120 197
121 122
121 130
121 131
121 139
121 140
121 145
121 167
121 177
121 178
121 189
122 124
122 129
122 134
122 136
122 142
122 143
122 158
122 165
122 171
122 175
122 179
122 180
122 181
122 194
123 129
123 130
123 132
123 141
123 142
123 148
123 159
123 179
123 189
123 191
123 192
124 125
124 128
124 137
124 139
124 144
124 146
124 147
124 162
124 172
124 173
124 174
124 184
124 191
124 195
124 196
124 199
125 126
125 139
125 142
125 152
125 153
125 156
125 165
125 166
125 178
125 185
125 187
126 130
126 136
126 138
126 151
126 152
126 154
126 157
126 166
126 175
126 190
127 135
127 161
127 168
127 171
127 172
127 173
127 177
127 184
127 193
127 195
127 196
128 132
128 140
128 143
128 148
128 151
128 152
128 167
128 183
129 130
129 151
129 155
129 163
129 165
129 167
129 170
129 173
129 175
129 176
129 180
129 185
129 188
129 189
129 193
129 199
130 140
130 142
130 144
130 146
130 147
130 160
130 163
130 182
130 197
131 136
131 141
131 151
131 153
131 154
131 155
131 157
131 169
131 179
131 180
131 183
131 189
131 196
132 134
132 136
132 138
132 141
132 152
132 158
132 174
132 181
132 184
132 194
132 197
133 139
133 152
133 153
133 157
133 158
133 161
133 163
133 170
133 174
133 175
133 183
133 184
133 199
134 152
134 153
134 154
134 156
134 168
134 170
134 179
134 181
134 185
134 186
134 188
134 193
134 194
135 138
135 147
135 170
135 181
135 183
135 193
135 198
136 140
136 156
136 166
136 174
136 191
136 194
136 195
136 196
136 198
137 139
137 141
137 147
137 150
137 159
137 160
137 161
137 165
137 167
137 174
137 198
138 143
138 151
138 152
138 154
138 157
138 162
138 174
138 176
138 188
138 193
138 195
138 199
139 143
139 148
139 162
139 164
139 165
139 194
139 198
140 152
140 157
140 159
140 160
140 165
140 171
140 176
141 155
141 163
141 176
141 189
141 191
141 192
142 143
142 162
142 171
142 178
142 183
142 184
143 151
143 153
143 172
143 178
143 186
143 190
143 192
144 153
144 156
144 159
144 172
144 176
144 182
144 189
144 190
144 191
144 197
145 158
145 165
145 166
145 170
145 173
145 182
145 184
145 188
145 198
146 147
146 163
146 181
146 197
146 198
147 148
147 151
147 160
147 164
147 166
147 169
147 172
147 175
147 176
147 178
147 183
147 188
147 196
148 160
148 168
148 170
148 174
149 166
149 185
149 189
149 197
150 156
150 159
150 165
150 170
150 172
150 182
150 189
150 194
150 198
151 155
151 161
151 165
151 166
151 169
151 173
151 177
151 191
151 193
151 198
152 157
152 165
152 172
152 176
152 186
152 191
153 157
153 158
153 169
153 174
153 184
153 189
154 167
154 170
154 173
154 178
154 183
154 192
154 195
155 156
155 159
155 172
155 178
155 180
155 182
155 198
156 160
156 161
156 177
156 179
156 186
156 197
156 198
157 164
157 166
157 167
157 173
157 191
157 194
157 199
158 165
158 176
158 188
158 192
159 165
159 175
159 176
159 180
159 186
159 189
159 191
159 197
160 165
160 168
160 173
160 175
160 176
161 163
161 165
161 166
161 167
161 171
161 173
161 176
161 180
161 186
162 166
162 169
162 176
162 180
162 181
162 182
162 186
163 164
163 165
163 185
164 170
164 179
164 182
164 185
164 193
165 168
165 169
165 177
165 190
165 192
165 196
166 173
166 178
166 191
166 197
167 168
167 176
167 189
167 190
168 182
168 184
168 196
169 171
169 181
169 184
169 193
169 194
169 196
170 174
170 176
170 179
170 191
171 182
171 190
171 192
171 197
172 174
172 175
172 178
172 183
172 186
172 192
172 195
173 195
174 176
174 179
174 182
174 183
174 187
174 188
174 192
175 178
175 181
175 185
175 190
176 187
176 189
177 178
177 181
177 182
178 180
179 182
179 197
179 199
180 182
180 183
180 186
180 190
180 192
181 182
181 185
181 186
181 189
181 193
181 198
182 194
183 185
183 190
183 192
183 194
183 195
184 187
186 188
187 188
187 190
187 193
187 196
187 197
189 193
190 197
191 193
194 195
194 198
196 198
